3
1
2
20
20
0.1030195951461792
0.5756271481513977
-1.1624927520751953
0.335705041885376
0.2418338507413864
-0.08386250585317612
-0.7395407557487488
-0.3705429434776306
0.4996134042739868
-0.478401243686676
-0.6095324158668518
-1.2542897462844849
0.21102014183998108
-0.2443866729736328
0.9067435264587402
0.9339635968208313
-0.5999825596809387
-0.41591551899909973
0.5628486275672913
1.0722512006759644
-0.3550077974796295
-0.6424995064735413
-0.9601936936378479
-0.545538067817688
-0.10391982644796371
0.4411645531654358
0.5075616836547852
0.851604700088501
-0.09011952579021454
-0.32243314385414124
-0.7782285213470459
1.1285426616668701
-0.8678107261657715
0.5832089185714722
-0.029307598248124123
-1.1707675457000732
0.5425564050674438
-0.43938082456588745
-0.11399801075458527
0.4330456256866455
0.88499516248703
0.6370161175727844
-0.27850061655044556
-0.4667532742023468
0.32045525312423706
-0.2917157709598541
-0.7567744255065918
-0.17449404299259186
-0.6320495009422302
-0.7302637696266174
0.2634902596473694
-1.1028895378112793
0.143910214304924
0.2648583650588989
1.0824908018112183
0.37933412194252014
0.566080629825592
0.2692635655403137
-0.5574653744697571
0.4462703764438629
-0.3684121370315552
-0.6401122212409973
0.6550757884979248
0.3737291693687439
0.17925453186035156
-0.938563346862793
-0.07447174936532974
-0.9110695123672485
-0.08883275836706161
-0.8201584815979004
-1.0482728481292725
-1.0354527235031128
0.5285986661911011
-0.07368460297584534
0.7274868488311768
-0.6031677722930908
0.14089739322662354
0.02829938381910324
-0.03252369910478592
2.3050622940063477
0.7285759449005127
-0.7148639559745789
0.5877110958099365
-0.3903554379940033
-0.12809181213378906
0.853595495223999
-0.17122386395931244
0.6156046390533447
0.8778586983680725
-0.05601456016302109
0.5703874826431274
0.3222108483314514
-0.07288573682308197
0.3313862979412079
0.11623668670654297
-0.9491455554962158
0.4073495864868164
0.4192345440387726
0.585887610912323
-0.19828210771083832
-0.31908854842185974
0.4988183081150055
-0.5243974328041077
0.46703147888183594
-0.135005921125412
-0.10163456946611404
0.7209635376930237
-0.3547753095626831
0.2699238061904907
0.6334157586097717
0.35400640964508057
0.051550425589084625
-0.018402960151433945
0.17654238641262054
0.23989203572273254
-0.02593790739774704
-0.4984939396381378
0.571009635925293
0.35420921444892883
0.40772902965545654
-0.42667073011398315
-0.5255511403083801
-1.4855246543884277
0.9170899987220764
-0.25145408511161804
0.07194925099611282
-0.5319525003433228
-0.4391373097896576
-0.19906945526599884
-0.5712672472000122
0.24798759818077087
0.7172086834907532
-1.0308345556259155
0.34062838554382324
0.4218237102031708
0.5182519555091858
-0.21524964272975922
0.7493783831596375
0.3541278541088104
0.40203991532325745
0.5017256736755371
-0.6661137342453003
-0.6931042075157166
-0.14246435463428497
0.6788212060928345
0.22385436296463013
-0.10279985517263412
-0.34918904304504395
-0.05080907791852951
-0.8729373216629028
-0.5699136853218079
-0.04593043029308319
0.2111785113811493
0.0002755389432422817
0.30698126554489136
0.9952709674835205
0.1638137698173523
0.3220670223236084
0.5616936087608337
-0.49657103419303894
0.2093770056962967
0.38170114159584045
-0.31834104657173157
-0.6158382892608643
-0.8894376158714294
0.7250205874443054
0.7074332237243652
-0.9980784058570862
-0.9494321942329407
0.8926972150802612
-0.06887230277061462
-0.23062238097190857
-0.490617573261261
0.34727683663368225
0.558812141418457
0.33030056953430176
0.7745283246040344
-0.04428241029381752
0.21327261626720428
-0.24381379783153534
-0.036156054586172104
0.49211210012435913
0.6462069749832153
-0.40096166729927063
-0.7964712977409363
-1.0657378435134888
0.7660964727401733
-0.022121485322713852
0.0797123908996582
-0.2022748738527298
-0.016236502677202225
-0.3426913917064667
-0.6360927820205688
0.14389073848724365
0.10665866732597351
0.06472587585449219
0.4437306523323059
0.9517109990119934
0.20385494828224182
0.02566070482134819
0.14781618118286133
0.20727603137493134
0.44147151708602905
0.6327643990516663
-0.9014090895652771
-0.9225831031799316
0.6134160757064819
-0.062323786318302155
0.41992515325546265
0.3983241617679596
0.34935370087623596
-0.29967769980430603
0.24512983858585358
0.07613103836774826
-0.7124707102775574
0.10365045815706253
0.035392723977565765
0.5682206153869629
-0.7279664874076843
0.45849698781967163
-0.10635468363761902
0.06601084768772125
0.2120850682258606
-0.0038394180592149496
0.10368920862674713
0.0947260633111
0.1942596435546875
0.03762517124414444
-0.17561130225658417
0.09459689259529114
-0.5173933506011963
0.337780237197876
0.6820116639137268
0.7260604500770569
-0.45240214467048645
-0.6347485184669495
-0.27125170826911926
0.09272342175245285
-0.31597909331321716
-0.28725507855415344
0.5797228217124939
0.4113040268421173
-0.9385615587234497
-0.6338436603546143
0.3584293723106384
-0.7981215119361877
0.5851402282714844
0.4644725024700165
-0.0030342929530888796
-2.4686681854291237e-07
-0.17151688039302826
0.41430211067199707
0.4840947091579437
-0.08725764602422714
0.10063699632883072
-0.6341667175292969
-0.637710690498352
-0.49829837679862976
-1.3005683422088623
-0.6244527101516724
-0.4750106930732727
0.15584322810173035
-0.9878575205802917
0.43256425857543945
-0.520560622215271
-2.0233569145202637
-0.28305408358573914
0.534905195236206
0.7869881987571716
0.10149355977773666
-0.08786836266517639
-0.1319998949766159
0.04625435173511505
-0.5605993866920471
-0.15445706248283386
0.3094214200973511
-0.17287816107273102
0.594215989112854
0.1258487105369568
-0.5362894535064697
-0.3414475917816162
-0.49631741642951965
0.4446648955345154
-0.09659769386053085
-0.11206763982772827
0.12766167521476746
-0.17766119539737701
-0.4004804491996765
0.05519866198301315
1.0469107627868652
0.21268793940544128
-0.03673413395881653
-0.166059210896492
-0.9512282609939575
0.17124925553798676
-0.14496663212776184
0.603802502155304
0.33741870522499084
-1.3292944431304932
-0.5265784859657288
-0.2780481278896332
0.2551518678665161
0.29340121150016785
-0.27117919921875
-0.16446265578269958
-0.37990957498550415
-1.3914296627044678
0.13077545166015625
0.9813658595085144
0.5306674838066101
0.9739200472831726
0.5786116123199463
-0.4791782796382904
0.19185489416122437
0.6259177923202515
-0.04541061446070671
0.016615796834230423
-0.34861353039741516
0.42039263248443604
-0.157450333237648
0.7062877416610718
0.19886401295661926
0.023866448551416397
-0.728987991809845
0.07992996275424957
-0.22961582243442535
-0.43977463245391846
0.7668928503990173
0.24760308861732483
0.4405566155910492
0.10902982950210571
0.011848216876387596
0.026752332225441933
0.03752919286489487
0.23100750148296356
-0.8432646989822388
0.2674272656440735
-0.20341263711452484
0.5633440613746643
0.5005292892456055
0.07718058675527573
-0.5815967917442322
-0.3706434965133667
0.3298714756965637
-0.08893688768148422
-0.0418909415602684
-0.3780662715435028
-0.42868852615356445
-0.9345787763595581
-0.04540302976965904
0.17292042076587677
0.4071139991283417
1.1849501132965088
-0.9571294188499451
0.06384282559156418
-1.1343070268630981
0.6292924880981445
0.45144662261009216
0.42701900005340576
-0.21237830817699432
0.014692573808133602
-0.601637601852417
-0.7493710517883301
-1.1107507944107056
-0.7197892069816589
-0.2911217510700226
0.09039070457220078
-0.6474097371101379
-0.10640495270490646
-0.2812463343143463
-0.11475710570812225
0.07648667693138123
0.4588378071784973
0.5636961460113525
-0.5873581767082214
0.2839350700378418
0.7761006951332092
-0.5983516573905945
-1.187767744064331
0.9227170944213867
0.13666978478431702
-0.35423392057418823
-0.40586891770362854
-0.034513868391513824
0.6842862367630005
0.6659187078475952
0.7444447875022888
-0.13012367486953735
0.6694808602333069
-0.33128783106803894
0.1739347279071808
0.9442837834358215
0.3633936047554016
-0.6661869883537292
-0.657599151134491
-0.7425459623336792
0.4804488718509674
0.04891301319003105
-0.10784135013818741
0.11884191632270813
0.0998353660106659
-0.21938063204288483
0.2661263942718506
0.6276693344116211
-0.18744830787181854
0.02002950944006443
0.10815523564815521
-0.22953231632709503
-1.4780200719833374
-0.20307952165603638
0.12393758445978165
0.27490901947021484
-0.83528071641922
0.34629520773887634
0.472861111164093
0.22997702658176422
0.5076793432235718
-0.14703427255153656
-0.5114483833312988
0.12871053814888
-0.487515389919281
-0.02227921038866043
0.41279998421669006
-1.0764904022216797
0.17758195102214813
-0.16782429814338684
0.17099565267562866
-0.7094176411628723
-0.6594865322113037
-0.03296343982219696
0.2128981351852417
0.16388440132141113
-0.040178362280130386
-0.0034583224914968014
-0.2561783790588379
0.18735145032405853
0.8722707629203796
-0.3279358744621277
-0.6032879948616028
-0.016083015128970146
0.03800207003951073
0.26323631405830383
-0.020166579633951187
-0.5383623242378235
0.3181438744068146
-0.7588480710983276
-0.38284066319465637
-1.0535634756088257
-0.0010537252528592944
-0.5656400322914124
-1.9048523902893066
-0.35892823338508606
0.018345311284065247
0.2814425528049469
-0.8049338459968567
-0.38416585326194763
0.9181450605392456
1.459157109260559
-1.167115330696106
0.4473203420639038
0.07096868008375168
0.6316341757774353
0.3400385081768036
-0.6713717579841614
-0.11090829968452454
-0.55989670753479
0.7345648407936096
0.13766753673553467
-0.1388276368379593
-0.1830165982246399
-0.16208602488040924
-0.45636186003685
0.6800951957702637
0.5865942239761353
-0.5183240175247192
-1.0218889713287354
0.566478967666626
0.7073394060134888
1.1658364534378052
-0.2840753197669983
0.35828638076782227
0.5409733057022095
-0.8153932690620422
-0.7877981066703796
0.35490450263023376
0.09876742213964462
-0.1516566276550293
-0.3038695752620697
-0.08902688324451447
0.5218913555145264
0.1584976315498352
0.4319804906845093
-0.058327604085206985
0.41609057784080505
-0.21611498296260834
0.08517821133136749
0.35620197653770447
0.4202321767807007
-0.22869375348091125
-0.4123587906360626
1.514364242553711
1.080201506614685
-1.387726068496704
-1.176725149154663
-1.446531891822815
-1.3193631172180176
0.8790347576141357
-1.2772822380065918
1.7244828939437866
-0.6726288795471191
-1.4080586433410645
0.6779879927635193
-1.000377893447876
1.3847907781600952
-1.200620174407959
-1.1286652088165283
-0.9423241019248962
-1.579838752746582
-1.1100847721099854
-0.9578151702880859
0.040251728147268295
