3
1
2
20
20
0.20563822984695435
-0.3120177686214447
-0.1579275131225586
-0.04589951038360596
-0.1839028149843216
-0.08926630020141602
-0.34718066453933716
0.0845753476023674
0.000996658462099731
-0.07487408816814423
-0.29961004853248596
0.9220795631408691
-0.0725136548280716
0.07690788805484772
0.3206920921802521
0.6192561984062195
0.0014800128992646933
0.1908523291349411
-0.3113871216773987
0.08865773677825928
0.04051920771598816
-0.2622224986553192
0.20174844563007355
-0.627562403678894
-8.071651514222058e-39
7.809434940383741e-39
-7.977929870331086e-39
-0.022436091676354408
7.39687165300955e-39
7.237586056569748e-39
-7.178060299103694e-39
-0.6548136472702026
0.0037009473890066147
-0.009228706359863281
0.028478600084781647
4.618357181549072
0.07003657519817352
-0.004708024673163891
0.030736122280359268
1.077014684677124
-0.1332138031721115
-0.06619305908679962
0.195672407746315
-0.030300654470920563
0.3458104431629181
0.07470276206731796
-0.3223506808280945
-0.4506091773509979
0.013349722139537334
0.02797563746571541
-0.027788853272795677
0.8659525513648987
-0.08786352723836899
-0.17683260142803192
0.4289776086807251
0.23124480247497559
0.19157005846500397
-0.024615054950118065
0.008209397085011005
-0.32785293459892273
0.3048751652240753
0.2316131591796875
-0.08625652641057968
0.25376272201538086
0.058832135051488876
0.19001202285289764
0.3482770025730133
1.3156474828720093
-0.3902830481529236
0.11413722485303879
-0.04887416958808899
-0.8336509466171265
0.0019500686321407557
-0.3197510540485382
-0.09334467351436615
-0.7548000812530518
-0.004443079698830843
0.023433206602931023
-0.026685310527682304
1.0831631422042847
0.7387986183166504
0.27714526653289795
0.5625194311141968
0.6708844900131226
-0.5657457709312439
1.1137412786483765
1.1504817337534753e-38
-1.1573301596083235e-38
-0.16490964591503143
-0.2166384756565094
1.1518499851226807
1.0497831106185913
-0.006319299340248108
-0.36950254440307617
-0.2787633240222931
0.6618339419364929
0.410571426153183
0.4811539649963379
0.49945899844169617
0.03287789225578308
-2.3687920570373535
1.1538650287657411e-38
-1.1520287672580899e-38
-1.1508942760213725e-38
-1.1537652563150812e-38
-1.1522641854000964e-38
1.1548369693805968e-38
1.1576160244950458e-38
1.1576149034562743e-38
-1.1544591793146148e-38
1.153169984727436e-38
1.151814648852741e-38
-1.1574321741365263e-38
1.1520523090722905e-38
1.153867270843284e-38
1.1501476641995802e-38
1.1491196716461515e-38
1.153603826731991e-38
1.1537349882682517e-38
1.1511812619468662e-38
1.1540679367833753e-38
-0.5718631148338318
-0.01941840350627899
0.012670395895838737
0.01436036266386509
0.009584495797753334
-0.014552276581525803
0.009910974651575089
1.1505400277695912e-38
1.1557651894833655e-38
0.009237381629645824
-0.02346137724816799
0.01525124628096819
-0.01297798566520214
0.017032328993082047
0.016530681401491165
-0.017331503331661224
-0.01819366216659546
0.015549969859421253
0.0035773504059761763
0.016042225062847137
0.01687977835536003
0.9965975880622864
-0.01859474368393421
0.014584612101316452
0.014379416592419147
0.012164887972176075
-0.017514081671833992
0.013705270364880562
-1.149691401419596e-38
1.155542102767845e-38
0.004293365869671106
-0.02489515207707882
0.015432684682309628
-0.015872107818722725
0.014819993637502193
0.011759726330637932
-0.018371842801570892
-0.012670710682868958
0.01582391746342182
0.00021339935483410954
0.016634497791528702
0.015142673626542091
0.7285919189453125
-0.8499903082847595
-0.8174912333488464
0.16487964987754822
0.886503279209137
-0.1276785284280777
0.4679982364177704
1.1526599120864217e-38
-1.1577393387599063e-38
-0.06099040433764458
-0.28067997097969055
-0.01732802577316761
-1.6826661825180054
0.026296652853488922
0.81215500831604
-0.7782036066055298
-0.22145307064056396
0.58439701795578
-0.022241825237870216
-0.5494726300239563
0.07614178210496902
1.9926234483718872
-0.044240839779376984
0.05385773628950119
-0.0013173558982089162
0.06465929001569748
-0.018267042934894562
0.03920847922563553
1.151590441098449e-38
1.1557270741651359e-38
0.1073233038187027
0.005962730385363102
0.06908006966114044
-0.0556311309337616
0.031945958733558655
0.08183636516332626
-0.03484371677041054
-0.05337146669626236
0.040758535265922546
0.004288419149816036
0.014970187097787857
0.049507442861795425
0.047524455934762955
-0.31912147998809814
0.2562052607536316
0.08525219559669495
0.2536032497882843
-1.1672478914260864
0.08578215539455414
1.1527428689555098e-38
-1.1580891028566018e-38
0.033914219588041306
-0.023424344137310982
-0.4916718602180481
-0.7571054100990295
-0.00601973058655858
-1.445845365524292
0.20734894275665283
0.4666455388069153
0.5060874223709106
-0.7462303042411804
0.25816717743873596
0.011266122572124004
1.280733585357666
0.39446380734443665
-0.2353740781545639
-0.5718739628791809
-0.2084045708179474
-0.056500598788261414
-0.46239930391311646
-1.150615137367279e-38
1.157762880574107e-38
0.021927321329712868
0.12447890639305115
-0.1204306110739708
-0.009302622638642788
-0.010027185082435608
0.3560822308063507
0.20455017685890198
-0.5435705780982971
-0.11521288007497787
-0.3058376610279083
-0.014454659074544907
-0.04123462364077568
1.1993001699447632
0.5836606025695801
0.4751003682613373
0.32641786336898804
-0.9297767877578735
0.8179017901420593
-0.16250762343406677
-1.1519547786991735e-38
1.1568750178671108e-38
-0.08411845564842224
-0.05739152804017067
-0.35070303082466125
-0.21054603159427643
-0.02746238186955452
0.41444113850593567
0.3467530906200409
-0.1188669502735138
-1.2534470558166504
1.030705213546753
0.5092477202415466
-0.02121981605887413
0.3462996780872345
-0.5319054126739502
-0.8745144605636597
-0.579293429851532
0.3025287389755249
0.11506212502717972
-0.40607738494873047
-1.1515949252535349e-38
1.1564041815830977e-38
0.11796049028635025
0.18677885830402374
0.1968877613544464
0.8027411699295044
-0.004063377622514963
0.21147917211055756
0.022495808079838753
-0.2653026282787323
0.6157947778701782
-0.6734650731086731
-0.6355834007263184
-0.03889485076069832
-0.01874818652868271
0.2015138864517212
0.06678082048892975
0.11349142342805862
0.14634506404399872
-0.10119529813528061
0.28564849495887756
1.1524771827666738e-38
1.1566452049189615e-38
-0.012710701674222946
-0.027614274993538857
0.2423313707113266
0.25561168789863586
-0.033034373074769974
-0.09908303618431091
-0.018183091655373573
0.1412924826145172
0.09156204015016556
0.10537783056497574
0.08485561609268188
-0.020547399297356606
-0.6994304060935974
0.9966601133346558
-0.37382805347442627
0.08249863982200623
0.5632543563842773
-0.6796419024467468
0.8670426607131958
1.1498965515147732e-38
-1.1572259030025777e-38
-0.08680872619152069
-0.16175316274166107
-0.03339023515582085
-0.9356723427772522
-0.011881145648658276
-0.2945166230201721
-0.12348705530166626
0.17532578110694885
0.4041018784046173
0.403534471988678
0.8292061686515808
0.010516101494431496
-1.0340678691864014
0.4099142253398895
0.366461843252182
0.26053586602211
0.6066721081733704
-0.2718377113342285
0.5199416875839233
1.1537764667027958e-38
-1.1581956015398905e-38
0.004543947521597147
0.010893297381699085
0.13515442609786987
0.13125285506248474
0.025318004190921783
-0.24888089299201965
0.030167287215590477
0.6587076783180237
0.503299355506897
0.11187545955181122
0.38207074999809265
0.03128955513238907
-1.7027114629745483
-0.019300611689686775
0.013242727145552635
0.014464333653450012
0.010333026759326458
-0.015368684194982052
0.010949558578431606
1.1486376249744238e-38
1.1557293162426788e-38
0.00814824178814888
-0.02387196756899357
0.015393775887787342
-0.013782941736280918
0.01657833717763424
0.01546541415154934
-0.017672806978225708
-0.01691404916346073
0.015714209526777267
0.002777249086648226
0.01628248579800129
0.01654726266860962
0.9294071793556213
-0.0074243089184165
0.13624407351016998
0.4430363178253174
-0.46799489855766296
0.516961932182312
-0.38266927003860474
1.1528673042591418e-38
1.155571249775903e-38
-0.094056636095047
-0.12462642788887024
-0.050360310822725296
-0.10631012916564941
-0.021281415596604347
0.03541655093431473
-0.17389965057373047
-0.09122014045715332
-0.8125056028366089
0.5671865940093994
0.1748359203338623
-0.010186017490923405
1.0516363382339478
-1.0665767192840576
-1.0826226472854614
-0.9816403985023499
0.5841350555419922
0.0003821668215095997
0.04804905876517296
-1.151131936240922e-38
1.1579400046999977e-38
0.07516223192214966
0.09087244421243668
0.6120026707649231
0.4360778331756592
0.019134454429149628
0.7126244306564331
-0.4245394766330719
-1.3548372983932495
0.8302439451217651
-1.0836135149002075
-0.8356281518936157
0.008563505485653877
-0.4444301128387451
0.43878474831581116
1.2581262588500977
0.5028752088546753
-0.045931413769721985
-0.5990042686462402
0.4709319472312927
1.1517249657510242e-38
-1.1566093316782748e-38
0.03981194645166397
0.05065743997693062
-0.07802177220582962
0.8837148547172546
0.021573049947619438
-1.5246973037719727
0.37839454412460327
0.6301119327545166
0.09733591228723526
-0.8297125101089478
0.6361920237541199
0.0177780594676733
-1.618377685546875
-1.1557696736384514e-38
1.1568548391692245e-38
1.1557887312975662e-38
1.1549737361107149e-38
1.1558268466157958e-38
1.1568806230609681e-38
-1.148784481053485e-38
1.1555219240699588e-38
-1.157021873946172e-38
1.1557595842895082e-38
1.1562741410856083e-38
1.1559232559501414e-38
1.1556239385981616e-38
1.1557169848161928e-38
1.1565230116928724e-38
1.1567965451531086e-38
1.1546519979833059e-38
-1.1561799738288057e-38
1.1556631749551627e-38
1.1571586406762901e-38
-0.00397369684651494
-0.016514310613274574
0.015026452019810677
0.013106951490044594
0.013107344508171082
-0.019235961139202118
0.016025399789214134
-1.1508527975868285e-38
1.1562304205735214e-38
-0.0026442776434123516
-0.02549257129430771
0.014139769598841667
-0.017443975433707237
0.011295351199805737
0.005279425531625748
-0.018160497769713402
-0.006044405046850443
0.014648630283772945
-0.003327231854200363
0.01584666036069393
0.011975913308560848
0.481268972158432
-0.1689716875553131
-0.30905625224113464
-0.524689793586731
0.180092453956604
-0.08653044700622559
-0.15817831456661224
-1.1479526702850618e-38
1.1557528580568795e-38
0.0640057623386383
0.04471665620803833
0.07641007006168365
0.28720125555992126
0.005163986701518297
0.1977400779724121
0.12767858803272247
-0.21016925573349
0.3915792405605316
-0.3592000901699066
-0.37234610319137573
-0.01735798455774784
-0.1293247789144516
-0.9679868221282959
9.235076761630809e-39
0.023178543895483017
0.01772153750061989
-1.0082979202270508
-0.09848826378583908
-0.8841400146484375
0.43712911009788513
0.8839274644851685
0.7146415710449219
-0.2242562621831894
-0.8058528900146484
-0.5260403156280518
0.02184593491256237
0.5135976672172546
1.1387368440628052
-1.0023305416107178
-9.676708584348954e-39
0.01203454751521349
0.3878214955329895
1.791164755821228
