3
1
2
20
20
0.36760613322257996
0.008170701563358307
0.19480925798416138
1.1645872592926025
0.0541861318051815
0.4889144003391266
-0.09020517766475677
1.8691868782043457
0.027695579454302788
-0.6988590359687805
-0.4319723844528198
-2.0415680408477783
-0.44830793142318726
-0.11552683264017105
0.06274960190057755
1.263485074043274
0.34888023138046265
0.20995843410491943
-0.05522625520825386
-0.8775094151496887
0.6341162919998169
-0.318984717130661
-0.06314844638109207
2.088966131210327
-0.07674316316843033
-0.22308975458145142
-0.5698444247245789
-0.8088933825492859
0.05409076437354088
-0.5711339116096497
0.20531150698661804
-1.8900734186172485
0.27973517775535583
0.16589269042015076
-0.040928639471530914
-0.7597181797027588
-0.04396253824234009
-0.39913949370384216
0.3525873124599457
-0.37453755736351013
-0.10242773592472076
0.20138734579086304
-0.02809542417526245
-0.21058931946754456
0.08816066384315491
0.1789933741092682
-0.5431730151176453
1.3587361574172974
0.33505779504776
0.2495529055595398
-0.3143106997013092
1.0657161474227905
-0.07771968841552734
0.3020090162754059
0.38981321454048157
0.6016646027565002
0.3620404303073883
0.19799986481666565
-0.05295581743121147
-0.9575068354606628
-0.11349785327911377
0.12708964943885803
-0.1928594708442688
0.34905511140823364
0.23771946132183075
0.25080373883247375
0.3544784486293793
0.34362083673477173
-0.12361842393875122
-0.3665602207183838
0.9465922713279724
-0.6226832866668701
0.1440112590789795
-0.23989903926849365
-0.8553968071937561
-0.05641816183924675
0.5720725655555725
0.06063278019428253
-0.03156331554055214
-2.0425033569335938
-0.2016856074333191
0.3859330713748932
-0.3970683813095093
0.3079588711261749
-0.3058992326259613
-0.05718163400888443
0.1346024125814438
-0.46901974081993103
-0.2732168436050415
-0.2860880494117737
0.22848691046237946
-0.3348783552646637
-0.12205459922552109
0.22654953598976135
-0.31571483612060547
0.35259363055229187
-0.2778712809085846
-0.17503319680690765
-0.07221201807260513
-0.28648602962493896
-0.5318382382392883
0.07175163179636002
-0.10615715384483337
0.9087656736373901
-0.4518257975578308
0.40883708000183105
0.48982003331184387
0.1320548802614212
-0.2168375551700592
0.3111371695995331
0.11817706376314163
-0.2922944128513336
0.6179018020629883
0.2100042849779129
-0.39700713753700256
0.4029524624347687
0.05792449042201042
-0.48387035727500916
0.15247215330600739
0.44584256410598755
0.38225021958351135
1.6048349142074585
0.3837432861328125
0.18205927312374115
-0.7253653407096863
-0.5760539770126343
0.352433443069458
0.9710670113563538
-0.22588074207305908
-0.29762178659439087
0.21367090940475464
0.0034084515646100044
-0.02981468290090561
-0.5522448420524597
-0.35672783851623535
0.43117502331733704
0.35794714093208313
-0.16268683969974518
0.6142805218696594
-0.03485047444701195
-0.6452234983444214
0.5466727018356323
0.015837231650948524
-0.6177932024002075
0.013018046505749226
-0.34605371952056885
-0.10967293381690979
0.15519168972969055
-0.32182976603507996
0.0018456815741956234
-0.2117893099784851
0.12091599404811859
-0.4692824184894562
0.18059295415878296
0.30810976028442383
-0.20050695538520813
0.2654646933078766
0.15508826076984406
0.4412519335746765
-0.41995060443878174
-0.36962664127349854
-0.03733000531792641
0.13566705584526062
0.12459349632263184
-0.07404099404811859
-0.2779553234577179
0.11134904623031616
-0.1912602037191391
0.16430383920669556
0.24091458320617676
0.11504632234573364
0.2333075851202011
0.167680025100708
0.006792633794248104
-0.06606174260377884
0.16272443532943726
-0.16579556465148926
-0.0785883292555809
0.1823647916316986
0.0618656687438488
-0.012404974550008774
-0.7963544726371765
0.004617404658347368
0.3396473824977875
-0.38885781168937683
-0.385983943939209
0.5765969157218933
-0.2793971300125122
-0.20554864406585693
0.27563074231147766
-0.15408936142921448
0.10794048756361008
-0.5089722871780396
0.2417425513267517
-0.1587963104248047
-0.12307043373584747
0.7845715284347534
0.6168652176856995
-0.03659839555621147
0.26827096939086914
0.29483625292778015
-0.17747372388839722
-0.6629368662834167
0.150628924369812
0.13481387495994568
1.136730670928955
0.2053459882736206
-0.3901340067386627
-0.5237574577331543
0.558665931224823
-0.4165550768375397
0.7949700355529785
-0.39938390254974365
0.6442397236824036
-0.2624547779560089
0.4198286533355713
-0.2418900579214096
-0.3495665192604065
-0.11945970356464386
0.5656801462173462
-0.4195373058319092
0.20768460631370544
0.2642957866191864
-1.10934579372406
-1.579192042350769
-0.6683138012886047
-1.0369597673416138
-0.03670969977974892
0.7180069088935852
-0.2824978530406952
0.23142938315868378
-0.3517816960811615
-0.0748751163482666
-0.09224385023117065
-0.7012410759925842
-0.2963148355484009
0.15778908133506775
0.2321242094039917
0.23048105835914612
0.8425198197364807
0.10934039950370789
-0.34345149993896484
0.00979495607316494
-0.3198173940181732
1.3735730648040771
0.5607684254646301
-0.38885509967803955
-0.9604740738868713
0.5246397256851196
0.02105504274368286
0.30102014541625977
0.09390688687562943
-0.1255878210067749
0.3144560754299164
0.0035203408915549517
0.14249420166015625
-0.10238044708967209
0.3941764831542969
-0.15545059740543365
-0.24856774508953094
0.14640095829963684
-0.1895163208246231
-0.1238304004073143
-0.36588460206985474
0.31677448749542236
0.3195476233959198
0.02015780098736286
-0.1053471788764
-0.1693059355020523
0.5354437232017517
0.2153947800397873
0.18077915906906128
0.1379837691783905
-0.0834096297621727
0.510647714138031
0.023336024954915047
-0.20290370285511017
-0.0961923748254776
0.06375671923160553
-0.0409616120159626
-0.35431042313575745
-0.10404769331216812
-0.15008829534053802
-0.10789194703102112
-0.2703680992126465
0.3136915862560272
0.5772993564605713
0.0758146122097969
-0.20195692777633667
-0.8562538623809814
-0.33604544401168823
-0.004146691877394915
-0.07582999020814896
-0.3336663842201233
0.356473833322525
-0.5653911232948303
-0.5361925959587097
-0.11401641368865967
0.3695559501647949
0.32787978649139404
-0.07295161485671997
0.6205332279205322
0.49365144968032837
0.05231727287173271
0.3744945228099823
0.11477252095937729
-0.5604239702224731
0.6960986256599426
-0.04845505952835083
0.5189046263694763
0.3604869842529297
0.2437998503446579
0.08395318686962128
-0.6380971074104309
0.7325379252433777
-0.564775288105011
0.6645891070365906
-0.7015909552574158
0.1997084617614746
-0.43259140849113464
0.122198686003685
-0.08352473378181458
-0.7134420275688171
0.1410350799560547
0.48172709345817566
-0.5764550566673279
0.08208968490362167
0.25509002804756165
-0.0963924452662468
-1.2013494968414307
-0.8035839200019836
-2.0724849700927734
-0.16235439479351044
0.18912126123905182
0.4375842213630676
-0.5061253905296326
0.35128626227378845
-0.6067180633544922
0.3570106029510498
-0.349109947681427
0.26165926456451416
-0.2675021290779114
0.12310870736837387
0.38562196493148804
0.05561034008860588
-0.4540807008743286
0.3622765839099884
-0.11147476732730865
-0.20662671327590942
0.512236475944519
1.165520429611206
0.6108084321022034
1.0425843000411987
0.004021280445158482
0.06952733546495438
0.1273943930864334
0.020434850826859474
-0.034597788006067276
-0.07112609595060349
0.16378337144851685
-0.05652114376425743
-0.02532719448208809
-0.10263419151306152
0.016972698271274567
-0.008699644356966019
0.0016755156684666872
-0.050123605877161026
-0.034146517515182495
-0.005299604497849941
-0.013959203846752644
0.017507025972008705
0.06776756793260574
-0.029216602444648743
-0.4411483705043793
0.0014763848157599568
0.9326983690261841
-0.3057328164577484
0.3031042814254761
-0.46544668078422546
0.3993685245513916
0.009739205241203308
-0.8013703227043152
-0.3603721559047699
0.11765145510435104
0.4391630291938782
0.4895228147506714
1.060878872871399
0.10142507404088974
-0.4772893190383911
0.06940678507089615
-0.21755394339561462
1.6930381059646606
0.6722777485847473
-0.472934752702713
-1.7851476669311523
-0.04794159531593323
-0.05619357153773308
-0.44133877754211426
-0.18389208614826202
0.0061960285529494286
-0.12141846865415573
-0.8529248237609863
0.30822113156318665
-0.029944315552711487
0.5145195722579956
-0.03837675228714943
-0.153412327170372
0.04772910848259926
0.3805742561817169
0.0375235453248024
-0.40587151050567627
0.3558236360549927
0.39394253492355347
-0.5221262574195862
0.3746379315853119
1.0536826848983765
0.3950575292110443
0.2572915852069855
-0.9858596324920654
-0.1339128613471985
0.1670212298631668
1.0992010831832886
-0.1355360597372055
-0.1893167942762375
0.16847644746303558
0.26645299792289734
0.13530947268009186
-0.37504664063453674
-0.14597082138061523
0.6677852869033813
0.13030560314655304
-0.04413910582661629
0.5241106152534485
0.43310242891311646
-0.7157185077667236
0.0011147510958835483
-2.141219139099121
-0.39988547563552856
-0.5718156099319458
-1.505293369293213
0.24792644381523132
-0.08270413428544998
1.1516813039779663
-1.0438339710235596
0.8495902419090271
0.13552500307559967
1.2902759313583374
-0.6023644804954529
0.5642927289009094
-0.2882506549358368
0.42563825845718384
-0.06269203871488571
-0.2971646189689636
-0.5917671918869019
-1.526885747909546
-0.9696648120880127
0.38281533122062683
-0.5313063859939575
-0.03044181875884533
-0.04517587274312973
0.04757343977689743
-0.08105707168579102
0.08944493532180786
-0.020701948553323746
-0.015555819496512413
0.03803935647010803
0.08133311569690704
-0.020066244527697563
-0.028183946385979652
0.0857296884059906
0.07428765296936035
-0.04072374850511551
0.08741460740566254
-0.007631390355527401
0.005305756349116564
-0.08081269264221191
0.01974060758948326
0.07189957797527313
0.48664969205856323
-0.04989396408200264
-0.0252492967993021
0.03460792824625969
0.07103316485881805
-0.07057540118694305
-0.060197290033102036
0.022023016586899757
0.012828408740460873
-0.06027239188551903
0.05820712074637413
0.03525056689977646
-0.074610635638237
-0.09468328207731247
-0.012860188260674477
-0.06947174668312073
-0.009489564225077629
-0.03599279373884201
0.06533177942037582
0.013035545125603676
-0.06226963549852371
0.8184382319450378
0.2773250639438629
-0.43872252106666565
0.4504101574420929
-0.26472967863082886
-0.20578722655773163
-0.4034675657749176
-0.6035395860671997
0.45018088817596436
0.21036657691001892
0.24763229489326477
-0.3507080376148224
-0.5646023154258728
0.4170881509780884
0.015552759170532227
0.5889613032341003
-0.2804538309574127
0.4944956302642822
-0.7310159206390381
-0.05384720489382744
0.05402130261063576
0.10405132919549942
