3
1
2
20
20
0.6786244511604309
-0.4069395661354065
0.15899185836315155
1.198571801185608
0.08040526509284973
-0.3623174726963043
0.08756662160158157
0.2874940037727356
0.6316267251968384
-0.08487420529127121
-1.176167607307434
0.26909953355789185
-0.6888129711151123
-0.1707047075033188
0.11906410753726959
2.5361998081207275
-0.09961039572954178
-0.5168652534484863
-0.437194287776947
0.4637395739555359
-0.16009435057640076
-0.6083542704582214
0.10723748803138733
-2.3706979751586914
0.021821772679686546
0.5883750319480896
-1.039770483970642
0.2979337275028229
-0.6141144037246704
0.2811383605003357
-0.13375651836395264
-1.8038949966430664
-0.2609494924545288
-0.10037900507450104
1.024481177330017
1.0315295457839966
-0.3571277856826782
0.9957296252250671
-0.48321107029914856
0.9415594935417175
-0.4723071753978729
-0.5619111061096191
-0.7880377769470215
-0.42817556858062744
0.41555291414260864
-0.4868648946285248
0.27789944410324097
-1.362096905708313
0.44644927978515625
-0.16579103469848633
0.8874725699424744
-0.0541914626955986
0.30821362137794495
-0.2503718137741089
-0.9985326528549194
-0.6888327598571777
0.013233540579676628
-0.9500558972358704
-1.1820095777511597
-1.2367726564407349
0.4846334755420685
-0.1714577078819275
0.22152841091156006
0.39289212226867676
0.10041141510009766
0.1622447669506073
1.011067509651184
1.0640393495559692
0.18329283595085144
0.5107414722442627
-0.5318493843078613
-0.5151067972183228
-0.011970656923949718
-0.5058349370956421
0.268157958984375
-1.2788575887680054
0.060264378786087036
0.2906515896320343
-0.8171058297157288
0.8053790926933289
-0.10533659905195236
0.10498445481061935
-0.39229363203048706
0.4754170775413513
0.4360525906085968
1.296785831451416
0.6984066963195801
1.1583102941513062
-0.18880805373191833
-1.360960841178894
1.2796170711517334
1.603929877281189
0.3399287462234497
0.755370557308197
0.23572731018066406
-0.08036693930625916
-1.4695528745651245
0.22329644858837128
0.16685236990451813
0.7243921756744385
-0.06850968301296234
0.003901788266375661
0.38348743319511414
0.8787454962730408
-0.2741759419441223
0.027010034769773483
-0.22669613361358643
-0.6233110427856445
-0.1886136829853058
0.20163379609584808
0.17382967472076416
1.1177982091903687
0.4391653835773468
-0.15276925265789032
-0.01718599535524845
0.012353693135082722
0.23594102263450623
0.5626501441001892
-0.3296357989311218
-0.14303836226463318
-0.045917242765426636
-0.03939896449446678
0.7944724559783936
-0.491568922996521
0.008229119703173637
0.20783019065856934
0.696701169013977
0.28872618079185486
0.6191642880439758
0.8905848860740662
0.41563358902931213
0.47375088930130005
0.18402014672756195
0.2392161786556244
0.12421174347400665
0.4077160954475403
0.023849500343203545
0.6840733885765076
-0.5816377997398376
0.7879205942153931
0.17590273916721344
-0.46212539076805115
-0.225016251206398
0.24366122484207153
0.5063523650169373
-1.0468674898147583
1.1012011766433716
0.7589119672775269
-0.02989492006599903
1.2301459312438965
-0.7557240128517151
-1.432662010192871
0.4519945979118347
0.30875101685523987
0.7907640337944031
-0.1774224042892456
-2.061769723892212
-0.033574264496564865
0.6383315324783325
1.9767954349517822
1.4187928438186646
0.4448418915271759
0.18810634315013885
-0.41103625297546387
0.05445133149623871
-0.0896276980638504
-0.40563100576400757
-0.5846239328384399
0.3631746172904968
0.0062637776136398315
-0.004523902200162411
-0.08608123660087585
0.22832195460796356
0.0026881888043135405
-0.3050896227359772
0.04404183477163315
-0.20225398242473602
0.13370037078857422
0.04184212535619736
0.15121185779571533
-0.4557107388973236
0.20848684012889862
-0.16967816650867462
-0.13465461134910583
0.23121078312397003
0.4373970031738281
-0.11732210218906403
-0.5483216047286987
0.1909981667995453
0.12782251834869385
-0.27248498797416687
-0.050284791737794876
-0.03940553590655327
0.20263613760471344
-0.18453234434127808
-0.40908125042915344
0.16098740696907043
-0.10541711747646332
-0.03876703605055809
-0.012762423604726791
0.2622129023075104
-0.4979657530784607
0.1318226009607315
-0.1745414435863495
-0.18513022363185883
0.1524716168642044
0.1459382325410843
-0.11740269511938095
-0.12725311517715454
-0.22440804541110992
0.3459644317626953
0.13966631889343262
-0.27268126606941223
0.05262590944766998
0.3446212112903595
0.039920490235090256
-0.015827640891075134
-0.45984649658203125
-0.2670454978942871
0.6201192736625671
-0.2802668511867523
-0.2830430865287781
-0.28097960352897644
-0.4352145195007324
-0.25344011187553406
-0.2201150804758072
0.3140908181667328
0.5480124354362488
-1.3791815042495728
0.21029238402843475
1.9701635837554932
-0.7260776162147522
-2.839315414428711
1.3753525018692017
0.6158080697059631
1.1526323556900024
-1.506948709487915
0.9031102657318115
-1.0473765134811401
1.0559231042861938
0.4578740894794464
0.7849655747413635
-0.008973740041255951
-0.8717294335365295
-0.947761058807373
-1.5258851051330566
-2.0650410652160645
-1.2155351638793945
-0.45567139983177185
-0.10321824252605438
0.0620797760784626
0.39587610960006714
0.3116849660873413
0.0736125111579895
-0.3349040150642395
0.5760504007339478
-0.004678510129451752
0.5605930685997009
0.6774911880493164
0.5266042351722717
-0.3496151566505432
-0.49714338779449463
1.450564980506897
0.27952006459236145
-0.24506138265132904
0.19854699075222015
-0.08707191795110703
0.022473042830824852
-0.06421441584825516
0.8489912748336792
-0.43966609239578247
-0.37116512656211853
-0.6628958582878113
0.8377620577812195
-0.4571671485900879
0.18907630443572998
-0.4751811623573303
0.463733434677124
0.9902908205986023
-0.45905742049217224
-1.115964412689209
-0.17920535802841187
0.3436840772628784
0.2523057758808136
-0.18145106732845306
0.14105066657066345
-0.27234578132629395
-0.6824773550033569
-0.45881545543670654
-0.0992031916975975
-1.0805151462554932
0.6610586643218994
1.4298715591430664
-1.3726882934570312
-0.4702910780906677
-0.31662866473197937
-0.05849037691950798
0.0361679308116436
-0.4314410090446472
-0.30109599232673645
0.5829623341560364
0.3716067671775818
1.204352855682373
-0.8238718509674072
-0.5005282163619995
-0.7558712363243103
0.1827203929424286
-0.64009690284729
-0.8686572909355164
0.15747518837451935
0.15109486877918243
0.6670213341712952
-0.08353542536497116
-0.6469873785972595
0.22815005481243134
-0.18088911473751068
-0.274654358625412
0.03310053050518036
-0.013357932679355145
0.45220598578453064
-0.32776781916618347
-0.4721684455871582
0.18770688772201538
-0.14767694473266602
-0.23441265523433685
0.28522244095802307
0.5905680656433105
-0.3518242835998535
0.21980583667755127
-0.07822316884994507
-0.2552066445350647
0.24979715049266815
0.5502109527587891
-0.5201223492622375
0.3541445732116699
-1.0013282299041748
0.042835433036088943
-0.35429003834724426
1.0390558242797852
0.16473260521888733
-0.0704776719212532
-0.5499902963638306
-0.735681414604187
0.03813102841377258
-0.5458513498306274
1.2532609701156616
-0.41256529092788696
0.2432800978422165
0.129979208111763
0.4914241135120392
-1.4002161026000977
-0.114817313849926
0.12171288579702377
0.638283371925354
0.4291445016860962
1.1164628267288208
-0.28937846422195435
-1.1027718782424927
-0.10364217311143875
0.5008673667907715
-0.8794970512390137
-0.6992791891098022
-0.19880379736423492
0.3664492964744568
-0.07136646658182144
-0.4923000633716583
-2.062293291091919
1.2879196405410767
-0.33030012249946594
0.4751826226711273
0.02965969778597355
0.17426751554012299
0.30559736490249634
-0.5578628182411194
0.6190593242645264
-0.5691636204719543
0.851352334022522
1.3047786951065063
-0.2220037281513214
-0.20612919330596924
-0.2874501645565033
-0.4211519658565521
-1.182740330696106
0.39514946937561035
-0.8538095951080322
-0.854027509689331
-0.6559547185897827
-0.23139190673828125
0.6202324628829956
-0.23822824656963348
1.1840521097183228
0.40697529911994934
-0.5675615072250366
0.8263931274414062
-0.21120567619800568
-0.20432190597057343
0.4003082811832428
0.3897671103477478
-0.7359906435012817
-0.015309995971620083
0.16544310748577118
-0.2579585313796997
-0.5418579578399658
0.636675238609314
-0.06128378212451935
-0.35865163803100586
-0.6127363443374634
-0.22488555312156677
-0.43036916851997375
-0.39263445138931274
-0.7179483771324158
0.8953511714935303
-0.6174416542053223
0.4345669150352478
-0.18077559769153595
0.6071141958236694
0.9266065359115601
0.10936816036701202
-0.03236546739935875
-0.44004130363464355
-0.29448458552360535
0.27272114157676697
-0.26285868883132935
-1.0802189111709595
1.7112946510314941
-0.848365068435669
-1.107111930847168
0.33554109930992126
0.5892409682273865
-0.3557726740837097
-0.42465779185295105
0.34471747279167175
0.5974035263061523
-0.02309723198413849
0.09224794805049896
-0.42823296785354614
0.1985657513141632
0.6521837115287781
-0.17167630791664124
-0.4344691038131714
0.13372214138507843
-0.5489527583122253
-0.39871931076049805
0.7523807883262634
-0.3536173701286316
0.25961560010910034
-0.21985453367233276
-0.41233333945274353
-0.3997321128845215
-0.30357444286346436
1.0866559743881226
-1.7833839654922485
0.5514539480209351
-1.1336090564727783
-0.5054296255111694
0.8825182318687439
-1.376840591430664
0.20270387828350067
0.6285173892974854
0.17819133400917053
0.3104356825351715
-0.5926762819290161
0.31575968861579895
1.1842570304870605
-0.25134775042533875
-0.1447230726480484
-0.17355716228485107
-0.7688853740692139
-0.4504138231277466
-0.308512806892395
-0.5390207171440125
0.7575746178627014
-0.4510667622089386
-0.1371089667081833
-0.3107621967792511
-0.08181856572628021
-0.07687725126743317
0.08411510288715363
-0.17613771557807922
0.29588794708251953
-0.26207679510116577
-0.41661471128463745
0.537006676197052
0.5925773978233337
0.3819422125816345
-0.09957773983478546
0.2598663568496704
0.24644507467746735
-0.36348628997802734
-0.6693874597549438
-0.6279732584953308
-0.3657209277153015
0.8262163996696472
-0.26951050758361816
0.060410816222429276
-0.594140887260437
0.19676531851291656
0.345332533121109
-0.11734436452388763
0.24076198041439056
1.5859546661376953
-0.9782149195671082
0.8061416745185852
-2.3929755687713623
0.6468179821968079
0.6016413569450378
0.5724575519561768
2.764150381088257
-1.0193623304367065
1.5330675840377808
-1.9432742595672607
0.777070164680481
1.5585753917694092
-1.8716275691986084
-1.4430276155471802
-1.0018774271011353
1.466806173324585
1.6288585662841797
0.9512176513671875
1.0387853384017944
0.02437354251742363
