3
1
2
20
20
-0.644654393196106
0.4888441860675812
0.13328327238559723
-0.3797702491283417
-0.6352419853210449
-0.6628784537315369
0.036130599677562714
0.35917696356773376
0.606431782245636
-1.0519040822982788
-0.5808152556419373
0.13572536408901215
0.4359802305698395
0.15682190656661987
0.21741130948066711
0.9984285235404968
0.4282163083553314
0.020208846777677536
0.8267673850059509
-0.5628039836883545
0.7373678684234619
0.6818409562110901
-0.41062989830970764
0.14817675948143005
0.11764781177043915
-0.7607618570327759
-1.2083220481872559
-1.3143912553787231
0.2597198784351349
-0.05030378699302673
-0.38352885842323303
-0.9658195376396179
-0.11756666749715805
-0.3750284016132355
-0.8492926359176636
-0.8454915285110474
0.4081142544746399
0.5435770750045776
-0.18806171417236328
-0.46734943985939026
-0.4024960398674011
-0.14456716179847717
-0.3066674768924713
-0.6467077732086182
-0.027260316535830498
0.5809993743896484
-0.5885663628578186
1.7427440881729126
-0.4198731482028961
0.3754898011684418
-0.6817934513092041
-0.9547863602638245
-0.47180426120758057
-0.09951172024011612
0.7449274659156799
-0.14121326804161072
0.644841730594635
0.6864960789680481
0.2723468244075775
0.2390662282705307
-0.18105877935886383
-0.278065949678421
0.9947630167007446
0.6437069177627563
-0.11531784385442734
0.30184686183929443
-0.3307865560054779
-0.3587985038757324
-0.07267208397388458
-0.6684069633483887
0.021634027361869812
-0.5964270234107971
-0.10677827894687653
-0.31072720885276794
-0.707064151763916
1.3626102209091187
0.11499720066785812
-0.3788619935512543
0.14122070372104645
0.52350252866745
0.3435315191745758
-0.5251383781433105
-0.22375717759132385
-0.4552762508392334
0.09706364572048187
0.1098497286438942
0.6423521637916565
-0.017273135483264923
0.020999392494559288
0.02353895641863346
-0.7093912959098816
0.16367660462856293
0.1636299341917038
0.08631938695907593
-0.4251406490802765
0.6232492327690125
0.11697974056005478
-0.08578982949256897
0.7898411750793457
0.3629506230354309
0.2126707285642624
-0.3705861270427704
0.47383028268814087
-0.35499194264411926
-0.6000000834465027
1.0036815404891968
-0.28352031111717224
1.3175522089004517
0.12352772057056427
0.4686308801174164
0.016139822080731392
0.13265904784202576
-1.0881571769714355
-0.051957737654447556
0.1611330807209015
-0.6082515716552734
-0.16312873363494873
6.692306487821043e-05
0.24658739566802979
-1.5533088445663452
0.5912458896636963
-1.0109354257583618
-0.27893558144569397
0.09271564334630966
-0.1912999451160431
-0.26634088158607483
-0.09212570637464523
0.20208051800727844
-0.2770799994468689
0.15923616290092468
0.032974179834127426
0.09221431612968445
0.09018610417842865
0.3698889911174774
-0.4706156253814697
-0.05393248796463013
0.024970928207039833
-0.19347307085990906
0.04036504775285721
-0.26941749453544617
-0.0791294276714325
0.2767592966556549
0.7174966335296631
0.22080589830875397
0.6336163878440857
-0.33516937494277954
-0.38581380248069763
-0.6535286903381348
-0.2876167297363281
-0.30805906653404236
-0.10332997143268585
0.43417593836784363
-0.39536306262016296
-0.519274115562439
0.08477285504341125
0.8488442897796631
0.517516016960144
-0.42073044180870056
-0.1885351687669754
-0.4157417416572571
0.05100960657000542
0.19254860281944275
1.2982888221740723
0.20059403777122498
0.176992729306221
-0.5113052129745483
-0.1296047866344452
-0.5127223134040833
-0.01147803757339716
-0.04687755927443504
0.024874821305274963
-0.02746431902050972
-0.2829088568687439
0.008562094531953335
-0.5830447673797607
0.6982703804969788
-0.029611820355057716
-0.016828075051307678
-0.10725600272417068
0.020222729071974754
0.2836592197418213
0.11707835644483566
-0.5268198847770691
-0.24860210716724396
0.397358238697052
-0.6341542601585388
0.8378289341926575
-0.21273891627788544
-0.05903574824333191
0.4213034510612488
-0.22293499112129211
1.09945809841156
-1.0198872089385986
1.278472900390625
0.12118096649646759
-0.4626072645187378
-0.19360314309597015
0.9995257258415222
-0.021532529965043068
0.861123263835907
0.8460330963134766
0.25773292779922485
0.5415191650390625
-0.5434002876281738
0.9271288514137268
0.08888512849807739
-0.8804835677146912
-0.14160093665122986
-0.8630668520927429
0.10743162035942078
1.1544445753097534
0.11053483933210373
1.0455944538116455
-0.596847653388977
0.6018336415290833
-0.9613355994224548
0.5189074873924255
0.7263815402984619
-0.2975468337535858
-1.1938202381134033
0.9048869609832764
-0.2620602250099182
-0.5452657341957092
1.1355831623077393
-0.03573055937886238
-0.10054640471935272
-0.1365261822938919
0.4194546341896057
0.5367283225059509
-0.41474825143814087
-0.411564439535141
0.309213787317276
-0.7403985857963562
0.5091384053230286
0.14792945981025696
-0.8774063587188721
-0.017310012131929398
-0.049201421439647675
0.13084319233894348
0.4598393738269806
-0.28941240906715393
-0.031107939779758453
0.17143701016902924
-0.13985474407672882
0.7623929977416992
0.284777969121933
-0.1720801442861557
-0.3360078036785126
-0.009927496314048767
-0.08776657283306122
0.3610761761665344
-0.04170596972107887
0.0723721832036972
-0.17821764945983887
-0.13492582738399506
0.7811596393585205
1.0755422115325928
-0.20353172719478607
-0.7083254456520081
-0.12105157971382141
0.04343825951218605
-0.4517711102962494
0.2211071103811264
0.35368308424949646
-0.005322766490280628
0.17824427783489227
-0.6750845909118652
-0.6001952886581421
-0.5558428764343262
0.6221142411231995
-0.1366521716117859
0.9991751313209534
-0.06680109351873398
0.5092592239379883
-0.013156887143850327
0.284340500831604
0.43386274576187134
-0.07079159468412399
-0.07963387668132782
-0.459540456533432
0.11331038922071457
-0.693329393863678
0.33835917711257935
0.1961342841386795
0.31896841526031494
0.5966402292251587
-0.645154595375061
0.37353381514549255
-0.3855103850364685
-0.1415570080280304
0.9557431936264038
0.27563023567199707
1.0280892848968506
-0.480667382478714
0.22648316621780396
-0.6417595148086548
-0.05076118931174278
0.2846332788467407
-0.5465763211250305
0.018883757293224335
0.09678374230861664
-0.768374502658844
0.24828624725341797
0.4398290812969208
-0.12616237998008728
-0.38843363523483276
0.1661684513092041
0.8585547804832458
-0.7359902262687683
-1.0420293807983398
-0.6409663558006287
0.03806520998477936
0.08921220898628235
-0.012385194189846516
-0.03062974102795124
-0.3323603868484497
0.22314390540122986
-0.6188856959342957
-0.44549959897994995
0.07839091867208481
0.01862688548862934
0.28493842482566833
0.0038953740149736404
0.027721025049686432
0.036901723593473434
-0.3131648004055023
-0.3605719208717346
0.48778167366981506
0.04973987489938736
0.058431003242731094
-0.011012480594217777
-0.0652693659067154
-0.12436512857675552
0.857088029384613
-0.9896829128265381
-0.04238889738917351
0.8313612341880798
-0.20645904541015625
-0.10041289031505585
-0.006966996472328901
0.6400106549263
0.741431713104248
0.22861920297145844
-0.8894843459129333
0.4460878372192383
0.17602477967739105
0.3396727442741394
-0.13426698744297028
0.29893702268600464
-0.7870175838470459
-0.1676332801580429
-0.3008134365081787
-0.04831264168024063
0.19638560712337494
-0.29054170846939087
-0.7955873012542725
0.5379326343536377
0.05272623524069786
-1.0101832151412964
-0.06443710625171661
0.3483753502368927
-0.22577276825904846
0.3010788857936859
0.5332819223403931
0.6070011854171753
-0.8222883939743042
-0.8838576674461365
0.12659551203250885
0.24467284977436066
-0.4074132442474365
0.22397534549236298
0.30857646465301514
0.34619957208633423
1.3846827745437622
-0.01040625013411045
-0.0342557430267334
0.17269304394721985
0.0758887231349945
0.04860914498567581
0.04294697567820549
0.17227324843406677
-0.4205598533153534
0.3048578202724457
-0.26177191734313965
0.4102080464363098
-0.029779870063066483
0.5418380498886108
0.1712155044078827
0.08884178847074509
0.04688240587711334
0.05931039899587631
0.07376924157142639
0.1965387463569641
0.4235391914844513
-0.13905806839466095
-0.11621785908937454
-0.5201945900917053
0.655741274356842
-0.38455095887184143
0.7004575729370117
0.7570081353187561
1.1716289520263672
0.35550960898399353
1.2444576025009155
0.8796268105506897
0.9621267914772034
-0.9219882488250732
0.48518216609954834
0.3325732946395874
-0.034807976335287094
-1.8495030403137207
-0.5920202136039734
-0.03414429351687431
-0.4977075755596161
-0.2988298237323761
-1.1867836713790894
-0.0728047713637352
-0.2652139365673065
0.029677171260118484
0.027905747294425964
-0.6145287752151489
8.038076884986367e-06
-0.070025734603405
-3.441015724092722e-05
-0.4669337272644043
-0.023227928206324577
-0.15452654659748077
-0.4123974144458771
0.020145229995250702
-0.008010894060134888
0.21941041946411133
-0.6754996180534363
0.031402334570884705
0.6544557213783264
-0.523479700088501
0.027257444337010384
-0.154739648103714
0.36413365602493286
1.2435611486434937
0.40167510509490967
0.11862792074680328
0.3455895185470581
-0.16774356365203857
-0.7358828186988831
0.6436191201210022
-0.8844617009162903
-0.5496055483818054
0.1489230990409851
-0.0715976282954216
-0.6421672105789185
-0.7128170132637024
0.5776426196098328
0.5404003262519836
-0.23023457825183868
1.0919649600982666
-0.1050766184926033
-0.32199686765670776
0.2449432760477066
-0.36439284682273865
-0.5800470113754272
-0.5018120408058167
0.2925417721271515
-0.8555607795715332
-0.00029438198544085026
-0.6698246002197266
0.15123634040355682
0.43676862120628357
0.3867291808128357
-0.3146972358226776
0.46677660942077637
0.5877909064292908
0.44943779706954956
-0.7163427472114563
0.8654797673225403
0.7545338869094849
-0.6867043972015381
-0.11128216981887817
0.3734801709651947
1.60947847366333
0.03343094512820244
-0.4408980906009674
0.40468570590019226
-0.6827730536460876
0.8549090623855591
0.3742299973964691
1.2048357725143433
-0.9916016459465027
1.0969505310058594
0.013709013350307941
1.1009000539779663
0.38564732670783997
0.11094161123037338
0.22591574490070343
0.7695274353027344
-0.3422667980194092
0.56968754529953
0.4494466781616211
0.15891554951667786
-0.3967691957950592
-0.5764809250831604
0.25077980756759644
-0.9123287796974182
-0.14203913509845734
-0.3275054097175598
-0.46342146396636963
0.5849848985671997
-0.7714232802391052
-0.33089765906333923
-0.6015975475311279
-0.04441305994987488
-0.7160652279853821
0.03524622693657875
0.5322034955024719
-0.6528793573379517
0.14221149682998657
-0.9535411596298218
-0.565597414970398
-0.5201473832130432
0.6001354455947876
0.6919248700141907
0.07034804672002792
