3
1
2
20
20
-0.13277140259742737
0.2088790088891983
0.9848268032073975
-0.36308640241622925
-0.5181823372840881
-0.02770322747528553
-0.5065633654594421
1.664730429649353
0.7352513074874878
-0.6779187321662903
-0.5914986729621887
-1.0061206817626953
0.5368878841400146
-0.45457667112350464
0.8615341782569885
-0.560364305973053
0.24113312363624573
0.35911887884140015
0.336563378572464
0.3343702256679535
0.36290687322616577
-0.550823986530304
0.10890854895114899
0.1021527424454689
-0.660873532295227
0.40821167826652527
0.5907913446426392
0.11351080983877182
0.08732016384601593
-0.5516840815544128
-0.2620750665664673
-1.149477243423462
0.03086203895509243
-0.2952103614807129
-0.8538018465042114
-0.8501153588294983
-0.4727984070777893
-0.10567730665206909
0.6190692186355591
0.1896081119775772
-0.23627158999443054
-0.7075919508934021
-0.07406389713287354
0.5686213374137878
-0.13412512838840485
-0.35426217317581177
0.11097487807273865
-0.5167198777198792
-0.44064101576805115
0.001888940460048616
-0.3489706814289093
-0.4718349874019623
-0.1710149198770523
0.3036101460456848
-0.2731817662715912
-0.5690043568611145
-0.5015648603439331
0.3492564260959625
0.2925294041633606
-1.065407395362854
-0.6949902772903442
-0.5842756032943726
0.13310770690441132
0.9391297698020935
0.06781091541051865
0.3607572019100189
0.5832337737083435
0.8258575797080994
0.5735200643539429
0.1345331072807312
1.0576170682907104
0.3320963680744171
0.03760010004043579
0.8234281539916992
-0.9839829802513123
1.1022205352783203
0.19433139264583588
0.06591931730508804
-0.9391019344329834
-0.9735531210899353
-0.548064112663269
-0.09125795215368271
0.5101807117462158
-0.6115619540214539
1.2320289611816406
-0.6763300895690918
-0.31467366218566895
-0.8362540602684021
-0.10422610491514206
-0.40164974331855774
-0.3195052444934845
-0.6283745169639587
1.2498329877853394
-0.25992751121520996
-0.49434977769851685
-0.1485259234905243
0.3625582456588745
-0.48065629601478577
-1.085703730583191
0.07628370821475983
-0.13404229283332825
0.37035509943962097
0.4291794002056122
1.0033167600631714
-0.36064016819000244
-0.5637314915657043
-0.11663945019245148
-0.6356467604637146
-0.40566667914390564
-0.6180967092514038
-0.7577669620513916
-0.6024070382118225
0.6429991722106934
0.541904091835022
0.35692694783210754
-0.0942959189414978
1.0692256689071655
-0.4508887231349945
-0.7851158976554871
0.0313943549990654
0.8045659065246582
0.47965335845947266
0.5237117409706116
-0.8305961489677429
-1.1653718948364258
-0.2736145853996277
-1.1123594045639038
0.447997123003006
-0.4771932065486908
0.7452651858329773
0.11597070097923279
1.2938079833984375
0.7351431846618652
-0.016686134040355682
-0.38547831773757935
-0.22122618556022644
1.2251015901565552
0.5310123562812805
-0.26958969235420227
-0.11955314129590988
1.1606597900390625
-0.8167073130607605
0.555367112159729
-0.09756333380937576
-1.0561046600341797
-0.01733284443616867
-0.7122969031333923
-0.651814877986908
-0.6601334810256958
0.932422935962677
0.09844557195901871
-1.0845698118209839
0.21421869099140167
0.0817030668258667
0.43767693638801575
-0.18776530027389526
0.0204332135617733
0.1750173717737198
0.6512152552604675
-0.4462539255619049
-0.8688870072364807
-0.9999667406082153
0.08850698918104172
0.010197695344686508
0.35119515657424927
-0.2189239263534546
0.6496564745903015
0.12572398781776428
0.13362349569797516
0.987366259098053
0.7109756469726562
1.3391915559768677
-0.5994530320167542
0.740657389163971
-0.8771474957466125
0.8751677870750427
0.5552951097488403
-1.1239086389541626
0.9665740728378296
-0.9145978689193726
-0.5982984304428101
0.7290368676185608
0.1938360035419464
1.637641429901123
-0.08542396873235703
-0.8422704339027405
-0.19940359890460968
-0.33425530791282654
-0.7542538642883301
-0.2830257713794708
-0.7632275223731995
1.1383394002914429
-0.3636367619037628
0.5805612802505493
-1.0626381635665894
0.3396453261375427
0.8367159366607666
-0.975424587726593
1.0443115234375
-0.5341397523880005
-1.1050196886062622
-0.7018399834632874
1.0946598052978516
-1.063793659210205
-0.15791550278663635
0.210270494222641
-0.7859509587287903
-0.41650840640068054
0.02010512165725231
-0.15571744740009308
0.2737090289592743
-0.1456911563873291
-0.4334503412246704
0.4058306813240051
1.2649718523025513
-0.8971429467201233
0.5276042222976685
0.10204330831766129
0.49543267488479614
-0.21476250886917114
0.4537466764450073
0.24181896448135376
-0.05719124525785446
-0.02380402386188507
0.258095920085907
0.22765688598155975
0.09619052708148956
-0.2713499665260315
-0.10978684574365616
-0.4887268841266632
-0.18943341076374054
-0.44710373878479004
-0.8320269584655762
0.498168408870697
-0.1608862727880478
0.37398362159729004
0.8992023468017578
-0.9358133673667908
0.5208038687705994
1.2965999841690063
0.5607616305351257
0.8507102727890015
0.17144739627838135
-0.5698848366737366
0.6095823049545288
0.10317716002464294
0.9429025053977966
-0.14731524884700775
0.6078500151634216
-1.1876227855682373
-0.7501181364059448
-0.3235936164855957
-0.42417532205581665
0.8234862089157104
0.5312345623970032
1.027211308479309
-0.24116173386573792
-0.8055791854858398
-1.5276042222976685
0.5297223925590515
-0.8699103593826294
-0.8989940285682678
0.23686039447784424
-0.3940247595310211
0.7399790287017822
-0.35741955041885376
-0.5215508937835693
1.4032459259033203
-0.06375136971473694
0.3952597379684448
0.9743973612785339
-0.20389482378959656
-0.5577048063278198
-0.06358681619167328
-0.7324425578117371
0.28022295236587524
-0.04504147544503212
-0.06223960220813751
0.6795539855957031
-0.29524779319763184
0.5208954215049744
0.5921748280525208
0.8062023520469666
-0.43967121839523315
-0.8515653014183044
-0.740142822265625
0.9536951184272766
0.061448149383068085
0.40117347240448
-0.08659840375185013
-1.3964565992355347
-0.6203066110610962
0.22006121277809143
0.3837452232837677
-0.82281094789505
-0.8816249370574951
-0.25018179416656494
0.38552722334861755
0.8731276392936707
0.15076754987239838
1.355351448059082
-0.8664397597312927
0.35169482231140137
-0.5359941720962524
1.031495213508606
0.9063205122947693
-0.7318282723426819
-0.05102843418717384
-0.0380433052778244
0.6605817675590515
0.8574413061141968
0.0261983685195446
-0.7490178942680359
-0.2528262436389923
-0.6038997769355774
1.3459882736206055
-0.07569978386163712
-0.46133843064308167
0.52760910987854
-0.9779600501060486
-0.425415575504303
-0.48306018114089966
0.80943763256073
0.6102420687675476
0.5251660943031311
0.14697591960430145
0.4524316191673279
0.649212658405304
0.6430258750915527
-1.178533911705017
0.8675084114074707
-0.8873976469039917
0.27401843667030334
0.22328902781009674
-0.8094322085380554
0.22886452078819275
0.17516164481639862
-0.24530628323554993
0.5325596332550049
0.9571648836135864
0.3578992486000061
0.6795791387557983
-0.13708853721618652
-0.6383218765258789
0.04620929807424545
-1.3404855728149414
0.18117359280586243
0.15792907774448395
-0.28018778562545776
-0.14511488378047943
-1.1262226104736328
-0.1322721689939499
0.10793264955282211
0.3148004114627838
0.29760870337486267
0.17573115229606628
0.5623509287834167
-0.09201066941022873
0.673709511756897
0.2863319516181946
-0.5571991205215454
1.0903517007827759
0.25154733657836914
-0.7413069605827332
0.9252644181251526
0.5712268948554993
0.10033031553030014
1.2123689651489258
0.8857257962226868
-0.5061514973640442
-0.17384204268455505
-0.5531931519508362
1.0243436098098755
-0.1995919644832611
0.8042908310890198
0.5504603385925293
-0.3254033327102661
-0.8810745477676392
0.44143006205558777
0.6632047295570374
-0.7233888506889343
0.8018159866333008
0.05231262370944023
-0.3921237587928772
0.333968847990036
0.17544090747833252
-0.8622248768806458
0.3131195306777954
0.5009250640869141
0.11130234599113464
-0.822590172290802
0.9117067456245422
0.010784421116113663
-1.271419882774353
-0.2793745696544647
-0.7548202276229858
-0.8929672837257385
-0.3490898311138153
0.18860071897506714
0.6973420977592468
0.026727113872766495
-0.7180112600326538
0.4997536242008209
0.938059389591217
-0.17188122868537903
-0.5261907577514648
-0.7804148197174072
-0.1990959644317627
0.45612531900405884
0.11730517446994781
-0.39514195919036865
-0.4045226275920868
-1.1257569789886475
1.04446542263031
-1.2996199131011963
0.7431023716926575
-0.04841633141040802
-0.5440645217895508
-0.9215307235717773
-0.8434616327285767
0.6678355932235718
-0.3423056900501251
0.4618910849094391
0.17242099344730377
-0.35541433095932007
-0.48433709144592285
-0.6153764128684998
-0.4450846314430237
-0.2459021806716919
0.8825002312660217
0.45459556579589844
0.12116456776857376
-0.42352432012557983
0.10764790326356888
-1.2823588848114014
0.1980612725019455
1.068336844444275
0.4120124578475952
0.35154107213020325
-1.1744602918624878
0.10560312867164612
0.021964898332953453
-0.8373709917068481
0.3361894488334656
-0.8058509230613708
1.06769597530365
0.3717499077320099
-0.15911082923412323
0.43331167101860046
-0.2670231759548187
-0.5744537115097046
0.9161158800125122
-0.1464194357395172
0.1568082869052887
0.925029993057251
-0.5431596040725708
1.0690196752548218
-0.21584460139274597
1.0537049770355225
1.1243541240692139
-0.13396205008029938
0.9886119961738586
0.9563760757446289
-0.7005385756492615
0.8419727683067322
-1.0342179536819458
-0.8248705267906189
0.8993179202079773
0.8558768630027771
1.0994821786880493
-0.5851259827613831
-0.6347145438194275
-0.26495686173439026
1.1865350008010864
1.0378222465515137
0.05958927795290947
0.818094789981842
0.6311192512512207
-0.6326883435249329
0.7334877848625183
0.7572081685066223
-0.3282768130302429
-0.2643558084964752
1.1498045921325684
1.2923475503921509
-0.19088707864284515
-0.8095648884773254
1.3116645812988281
1.315763235092163
0.5222698450088501
0.2734791338443756
-0.3354686200618744
0.6304769515991211
0.19100411236286163
0.3055870831012726
-0.8384738564491272
0.6215991377830505
0.3588775396347046
0.49551254510879517
-0.3624131977558136
-0.7160958647727966
-0.2312556505203247
0.6382213234901428
-0.2338854819536209
-0.9700514674186707
0.5524797439575195
0.29511758685112
-0.8249216079711914
-0.9483510255813599
-0.12830118834972382
-0.6929433345794678
0.9192063808441162
-0.36760205030441284
0.4338498115539551
0.40623152256011963
0.7152633666992188
0.7072367668151855
0.49956443905830383
-0.9195687770843506
0.7496140003204346
0.17173278331756592
